$ANSIBLE_VAULT;1.1;AES256
64323564616362323161653036303362646138363838336231646166303930613732376161356431
3332313265323134373139323663326230323365613630320a373965616439616537346432623638
66636634383765633363323030383637343163616162643936353631653664313062326166343965
3861326639646664610a316131626134363938643438356465653064353962363832333564623231
30313161326234613331636532346431356535623237356531616136336336306230643264313866
65333563343733663037376230373933333435356531663330396538336439613832326463383037
65366636376236333739363337616230336537366331386636313734343761383263303531353234
63353833666430393339656532346436643836323365386562386664626238353061393933346134
64376531396264306565313536643336346131623463306530633064396439383764353639343535
38353335383161383863643130393534396165316165306664663737326463346337323763633535
63363362636532363465353435663639653436326362623264353862356266383363346362646536
64306138303632306535373763363837656666383830653931396531383033363366316236376532
63643562353664306434386561653466323438343164376362373963313662373438393362306231
32373939386335383865396438303130366366643233376664313537613663656432396637393433
35356261613962653261613237376562383639353230646163646366313031323030623461663966
61643132323733343531663764303332393263383930316338363261323631343063613866663032
31613562653563356135313237363732666561626332653730343366303531376566646261383134
39346463643065643339306434303233386362373062313536306435306134363933663061393632
37346132313536363766316432313639356662353666393537306361376333666339303933306236
66643862663064623631623939386461663562633466386365383434373334343836623761653432
38393161336463373962383162326436363266393037633166666636386538663831303866326632
35616665303231626136396538313232613863373035376635313138616637646531386237656337
65373539613565353039303130356238313433613766383061303935663933643635646163393730
65313238626139313434666336663236616265653565373362336637653934643562353762666562
38303462313265653031316661613536613439656533323839666333333631663138366331663365
32656337623830393630623263383766303737383233306536343534616264353433346563356239
38336565613732653164393133626663633931383634366335333933386236623335366339646563
33303430393032336330313865633336353337383332613732303639393930643433346239623032
66653634313066353663613539393164326432643035373563643130393833396438646561373764
64343038643561376630643963373237373465316162323238633834313439353038346465376537
33393736636439323538666663383234353564393232646230323830623932623164663664393336
32346433616436626330353865643830623331313766383032636439336664613161376635363230
62303732623064323232313032353862643464663631323766623230323435616430333236383933
61353561353832623738393863383131306632633163336562343531646562663833373061323564
63326464323666393563363866336539656530376235356539353830663537396531366535653666
36373835643266346563636234346565646264353737373437303832656266626262623265643566
36353163333033326130663861633361633032363364396638623464666537316636326162363966
66633266396138306631336663313163393165626362626633333865316433346530376664623937
65333538663062353361366139633836346634396566336534313831353632623039373930376634
31363862613034303537393963633361643636336165653635396361663062373532363363613166
39316230336261346361656565356363663563303634363163656261616239653232316438333262
36396433316361323238346565653537373465363830313936386165666266306161373531363035
38636634356135633031313966386438313031636335376534316534316536306137383134366533
63633833316365626361623431656262663333353962623363306661346365346261383939616566
63656562303933663138633935613361616637303065636231623734333130313661303465326565
32323030363836623562353135353237653439333766313834656635376165356461346433323465
32646337306166666232383433326632383636646563626665306330386533366463306266326235
39373561326363323263363038613931373330623932633135643535393561343833333237313734
65373362303538323734363836633265646161386263333630633839333833326163343765653833
37623461326638393262303462396538393734323330383636663632613638323661633137636338
35303061303734633164666564646339663530373832373962323663623433363431643639663564
64323537643034323437346664306133346230383138353238333661613333666134623362623661
39343735643532653438323035313864656365613766386432346664346464353566383964636538
62306166666337303438643234326533396462656335616263366238376465663036363835366163
34336639623335623735343262643638313663623866343235346338633163393466663238333163
61316537366438613939356233333937313162323164636464646435623661376361343631303438
62636333316261333637396533333231383063333665613261313936613834346633313634356535
65323634396633316436613239333737616663313465643563306237316265633932386436393934
66386662363537653762623739626234326362623334353466346364613139613963343235306261
30353631316335626433316565656262613763353132616263353736326431623637623035643966
33653763636430353433303266623266626332313262316464653764343230326439353939363731
39383164626233643564353030653461343334396463623330306634313132623466376265323565
39616565396237373062623233333661663033343166643937626133373138336161653261653364
63623564373563373362363166653565383137333433363732633439646538363165373136393630
34346164623738363231653031383036656261663834666161666539326334333136346536303937
31383864633663633536653664306132343962616362353937353632653438633364613030323839
39356463363832383535323639343562313935376337336239653462656265636237636666313363
34356536663238366363623939383836373237663436353962393838653730623466373764666535
30363531313066663039616162643231316134326333623065306631353166366231656631336239
39366331386430643037623564303464343831353562373964313336623262636661346366303138
37393831306535633136386637613733323237633439616637393663386462366437366462396335
66383763313464393530653361646163333261633164363935653031386465353564356135323863
37656463613663353030313834376432333333373964656631353030373936333463316434633232
61623463343163653331326430633366326634393565613631313338373338386633623262346563
37356364383832646232343262666638353136313831306430663464366130343366666665653264
36653166306665383436396630396663343139393864396132666330316633636336343564656363
34303932373339343537376163383430363633636263323666633633666538303464656566303538
35343465323234333261656566393038643231396662346661393530363065396565666666376630
62646366356431383266623632393433643434316562303333343139313665346262363065633363
63363966303935346662613831343039626165343962656665636235326562383366373362656665
35323766623965323239373964633239626138656166343632623535376261653363363762643334
35626631623734383063616233393130646466313835623232323962663138303130303632323132
61326639313036646663663136653438663765626636376437383935343931613662336363343364
64376335383166626534653638303231356165363836336263383431356539396161666233653637
31346435653133313063636633356430366163353633303932366232363236636638346164666264
31363835623165386165616162646361616232373265373161393062366137346535623065316231
66336263656433333065313130353936643065363866633363383063333231343539643563326633
33383339356636356461656234663331313732303766306238616563653535376331376539373030
33333837343532323564663963316338373662336365386662376133303735633536656164623963
6132373362653463343737623365343532326562396164386233
