$ANSIBLE_VAULT;1.1;AES256
35643962666235326264353861323734373861353064333733346638343938383735336238383031
6164636631323034346638326235633963623139653430640a363964313062616363663163323038
65336634343036303332313965643863666664643732653436323536663063343632623761313561
3266623462336333340a323834613238356633313538636237363162336166336261613631666331
34643461373530363237353237396635373032623963646532643430613966616161613861336432
39653364343033303966663832626338313264366439303565393235323131376562383466366663
36326436303938346235313630613034333539353861643531326264396134343630313066343631
31666262663364343735643434376339393838353265353634646661356365643638323738346234
32376538323636616539666535343364373166393131366466313133373135386634323862343963
65316332336533303966646231386533363237383033653961646139393639343832643537653861
38623633393264323931306664636263623262373835366533383734663332303632653962643661
66656430333662316437363366666438616365333361663937653035376162646664623463323961
65633563633331646230333538333666626665626638393532393733303431336361626139666530
34633233353731666631343166316533646334623936646266643235396135356136313163326138
63313537303862656561303638653732653435356236363037383031323931663938363539666433
32356661383531393532656433373531636436636530393731316139346431383761643033363437
34393665386362663235666530333833386339343663656635323631336338393232356338316132
65383735333362663030616161636538643632393064323739653539666263376233373961393737
30316136326666636639313638656230316662376131313566353739343036666537623334333933
63643566633465306533346436396139396332313865643036613336383464316437393965393031
38626434303166666232646336353833336565353433353237383362333164343433333436636134
35383664623436653432636134386639386165663037646334356439646134356330643037363165
66656438663131373263633637623264303663626234623535346663356435643930336463643864
39666538613461343738623764323365376631643338386233303436616461336332346533343732
36643735653434616466663735313838373166316236643366333332303637343664333531393866
61373832353736333933653336633465343131353532316464386464393461643835613165383034
39353263376331643431373536623639656136373836393262376439396335663933633737363164
62663462323161623461363239336631633163613065613634373365303436386635336436306335
37323564323261646635653438636161666530656262663935633430643530613462303738666331
39613061373237316239613839333335623932646338343062393138643636306334323437643462
31666338646165623032396464633361376563633665656535346538643064663630373836336563
30643561373761663964326637326234313563623265323466633131363365326235616133633639
65393937343961376531623230613762373438353062346165386634303765306635313630383039
35333132306235346362353130636539633063343263616635656162346166383764326430633561
36623539613438646266373438316566363733363965366363306239303061653339663162306166
31383332316238383436313439353061356636643162303131323534653338656233333061306564
33333834633035363338633462336631613861383061646162333062366162353932393732303832
36623431616435383936333130323935353135613230633931636138626434383861373761646135
65653537363736386365393961303335303333303438643035366462666664396161636463376435
66346162333336346263373733383136376137616363663036306633663834333439333433356335
38386530346365636236633630633637346662623136383232356433376135633034336665333164
30376466393961653762343763363362396561623638633061313139666534353366633062346233
30663031366666646461363037633766393530633530353038613130333061666332386333303662
36333738623335363163643734356233346234366232366362626535666630343932656130623833
33616563633039363763633566383463303135646436343963333361306536333437313966666564
64626566613836613539306336313737656332613230613732333536373961633130333535326266
36663135636462393164336561343735363765613231656165633437353631653930643931383065
62623762396138346336633431393830643261333239346164613639303438616265623533306430
37636464356165373261303639366533353336393732643665346363353431396333653733646163
35633534306638363862623434333361633662303235653161363933613736376335656233366439
33333734343935316330306339316538313330373862613962313730313938353537326139393630
63353832393535363237616265323832353339363563396333613836383164383863333864313839
37313430306531346162396438643161313731323831343438323563386163333431303139613231
63363830623334326438626539313832383534313335626131623134386163373163666530623064
63326235333861346536316339323933666362343265636663366333306433343462346337613462
34323832323463386563316661626663616332613337396463626336366465353536653361363561
33666466633632326566616435363866363639646162313464613432626231333033666261633136
33376132623936656230383335613937383364366532336536376663633965663230646435326464
33666463663531353765396366376137623238656532386265333532616239323765383037656232
32656535636632646139633061656630666335626139366564643365643732623436363135343131
37653338336163663666383561393636376336363835316436643934376333633734613931366162
31336263643537366132343265363062326666616464633930356266343962313337326362366238
66346636336665356232623861303531623661353235336431343933306136316536393132663933
63333063353635633763666539323839623134623235326233346531313532333636613737366534
33623962326238353033353338653530383939626338386634336165666133653435663564616532
34633136376438396434306666343063663830336565316562356636313137396434326336333131
30396466646430613764333338626561383561646330393530613335313337643332356635383038
35343163386464623363663166393139343532336566383735653239353062616561656466633266
37363262373939353662343432646339356230363032303433356263356662653466343931613436
30346639343935663935636534303761363539663566363038316631613261333238643961393139
39616262333234393961386231653038616563303037313938393638393132616563373937656532
37613834633633366437303430333766316130646335366230306365636338383635376438316264
35396538636530613463383764366435626631326563343565326466656434343264313838643134
34626135356261393934613139373763386337643162393632393339313930616339313866376332
35303034653334376664346461313032326335313164366539646230626466376633306562633638
62623130323739623235356239656430636131303865373037306533343433396364383139353866
37316638646637376438386236353963313038663631663231376663633832663337333831396538
33303937623431353733656166316362656335313432336666336561613534613832343038373863
34383530316638646637306536326132303838396436636463346332336135373536633263306531
64313433323363643862363261663239303235343236303034383030313130396666383762643835
64343163333437616331666131306566353038303932393661316632343532356438633166663863
61383431333336376536323635616234356238353762656266356662343131383031336635333331
30336238646163366362316439396664646237353134353066383136633338663539366335616532
33643064626361323234356332663033313339633561363839336364646266666234356335336532
39626261636237663762373965396635633065613630336238653038356261396330343035376334
30663930663937666536613337333535376166363932633438313561313335383636653964663636
62626432396264656634663366373230653730653737633062666330326464623465623064633037
37313762326230616233323164356638663134386663636138366532613830653265373338656665
39313662343063386338336565666139643039653137373062396363663566303637393262356531
31343637306665646563363835303533353435373332663936393763666339356135643663316530
37356630653038353535373962353534313739356166333564303864643637623433663837376461
39306239353565363639666464306634383134613538653162633933623862666266313961633934
32346333663633656164333263643461386261623164343537663534616539643762333365396239
63343936616138623330376630663834353235616262623636383264313432366233313131613962
66663132303561613633396133626639626565343638323237646238306134393937366165633439
31333137656633343531653936616265306565663036376565333563626164636631353661333866
38663230383161613539376561373466383233356531316366336662373834326563656261386232
37633033343234353136363266623465343635623064353938306130393263663430623530306465
36666437363035343766333733353662633964613931323835343637643535343331313533643536
39613363306462333366313063333531623838663733376332393133396338343263643032633138
63353338623561393962613232363961383361306263636262643163643964643039383134336666
66373461373637303535643536326630663437343832333463656434306466346239666662383836
35636561323665393836356165316262343131353434353762663663386137393732383932636465
39663832363737346664646636323765613432376463613235326434373033343532653062303530
34643931383236326461313130643861666264336532383366663766323965646266303166353464
64663964616439343265373332356266336633346134623439303939373133633437663531623766
35313236393063396638303234383238333433663862383931656434303539363731633961306338
65343363323835343430386533313864323033343363663235396434323163623634363065333336
36306531633462623664393663613064643938663866636438363565633763343565633035653838
34616637323138613066626661346538653930353639646361653731636661356137376133663565
63356661383463623339396538373162333230313338373838383931396133393730383765653763
32623339343833376162366337313466326161313632623238616638376135633930353837363034
37633365653537323132653532616636623335386631663163366332326465376234346664613939
62366336383637643066353661623766336332336430393339366466353630366631316532646264
30303937346565346131313834646266323437613334343230653432383431626434616363386462
33326134616239656139653632316231616335653538383333373461303436333437306237343539
31623337346434636438353463343635383833343038623835386235363865303632313038366433
37663439303634643435313134333761663464653530306463306163386563323863376537376634
31383061343061326165353263363635396136333531316337343564653562326539646537323636
31663635373834666539316662303862363234393433653863393439326330656166376236613862
63383531623332356636373431363032626337306236333131623237373263666437303663613331
66616233373130363931393464663535623831316461643939663630663132613333663735376666
62643830313563633930353138393734656361383537653366643565366433316233653437653633
64386234376430366139653639336461633334626536663732326232376435616236643738383933
39303637646337666135313162633637353730336265616638356233353965306534623135376264
61333036666439656563623461323430343237303737383438343235393531303030623963343933
62643439626163313539336261373564363334643930653132623766333763386631363637303165
33336165623863366365353162343335653838653162643837363664663865343835386538653835
66323365623930373439663161383839316165326431613661393837646238653261376335316238
36623833343335306563386134613764366638626331316662316233373266633665646166366530
33333139663064663336323436353733326333383935636233323238623938393664613732376662
38376136626339353864636636336161343036663932646564393135313234356437383035336164
63306237396433383561323566323530313134393338633366353235393166316233653862666234
32393537393664393965366532636130653362363133653066666661633961613765396563373161
61653339303931343464396533383163383038623839333535333064306164393361326363623064
36313333373563393664383135396564356565313234343233363264383764363431386462386665
30626164633462643839346134653735316431313133383863623730643564316666666538613934
38326535333237303036613736393862613735336539313834616634343030623966636165353535
39633861616365656166646165396434363436393835306138396264653262643436623136393265
34653833623736313531353433373338663433633064663132616234363564373039393636393064
32323462643135386534386439633664353136336330333236653233393232383965326166343861
32636333323561376437396533323564366561623331313461383736386161353464633661396433
62366566633632646662386139373463633233343239623436626362303139323233346138343534
64343034643562636162643332306339343163313030653236393736393534653836346438376631
32353837346132363564353237306131616138623935306331393962363830643064343564346237
39343766633336363566626365353062363462663934613338616566346165323236326132336464
37346332623837303239313030366334386338386161393235663764626439313566336465643937
62623332373132626465636531336238396638396563306262316636383363393539386135393063
66363837343139373266373731393265646234323939316137656236313534376631643035383164
38623263326566303937656636633631613833613661313665643739396166663938323465666235
39383662616166363165306361396335373635623363346666333031626530303766666634303637
36383536616339333437363135326432383439393831663062623530626132353161336263653132
35373932333737643161666266306161633165346333363836376161343332363464656530326166
34363732303465623030356439376530343865656533356665313034343861333130313764373635
63643163633831373563393635666232663963653464653638663965303337623739303736303433
30353936333837396264393130323435363735386262333135623337353731633364373934336538
36366436333636613039643462653338336536333866633733396661613334666437663062663766
36343934333838333639333465646161653365653931316334633763343531636138623064323434
35323761623635663564363038623036363737643162353138626132323666346164346536633132
36306663613132373131626465373336323962613735356539666663343665383863366636643038
39663833613265353761663434306136363061356337613963643137363965303230646463353530
62303135346133343163393464333562346639353637303163363430326336393537373233373962
65623638653832643439376332626365363766373133636363313934613365643830656637636136
30646264636530383533386532373238643061666235373532343939616337396639623131353238
64336530613934633461363230386337343737666230323736313937663434353663656432363633
62363761663161396232623231643765303265316336623266363938303438313137363365373965
37363839643037393736663539366162386337626538333536313932613833393563333636383366
66393732323762323834
